41 1 0.001001
4 2 0.002002
39 2 0.002002
42 2 0.002002
43 3 0.003003
40 4 0.004004
36 7 0.00700701
34 8 0.00800801
37 8 0.00800801
32 10 0.01001
35 13 0.013013
30 14 0.014014
38 14 0.014014
21 15 0.015015
31 15 0.015015
28 17 0.017017
29 18 0.018018
22 19 0.019019
27 20 0.02002
25 20 0.02002
33 21 0.021021
26 21 0.021021
24 25 0.025025
23 28 0.028028
20 32 0.032032
19 33 0.033033
18 33 0.033033
16 34 0.034034
17 38 0.038038
14 38 0.038038
6 40 0.04004
10 41 0.041041
5 41 0.041041
15 44 0.044044
7 47 0.047047
8 51 0.0510511
13 52 0.0520521
12 55 0.0550551
9 56 0.0560561
11 57 0.0570571